	CC0101FG1S0718175376	CC0101LG1S0718175373	CC0103FS10S0718177755	CC0103LS10S0718177748	CC0104FE17S0718175377	CC0104LE17S0718175374	CC0105FS2S0718177756	CC0109FS5S0718177757	CC0109LS5S0718177750	CC0112LE4S0718177751	CC0113FE14S0718175378	CC0113LE14S0718175375	CC0115FE6S0718177759	CC0115LE6S0718177752	CC0121FE11S0718177760	CC0121LE11S0718177753	CC0122FE9S0718177761	CC0122LE9S0718177754	CC0201FG1S0718175382	CC0201LG1S0718175379	CC0204FS2S0718176297	CC0205FE17S0718175383	CC0205LE17S0718175380	CC0206FS10S0718176298	CC0206LS10S0718177762	CC0208FE9S0718176299	CC0208LE9S0718177763	CC0212FE6S0718176300	CC0212LE6S0718177764	CC0216FE4S0718176301	CC0216LE4S0718177765	CC0220FE14S0718175384	CC0220LE14S0718175381	CC0222FE11S0718178578	CC0222LE11S0718177766	CC0224LS5S0718177767	CC0301FG1S0718175385	CC0301LG1S0718175388	CC0303FE17S0718175386	CC0303LE17S0718175389	CC0304FS10S0718176304	CC0304LS10S0718176311	CC0305FS2S0718176305	CC0308FE9S0718176306	CC0308LE9S0718176313	CC0311FE14S0718175387	CC0311LE14S0718175390	CC0312FS5S0718176307	CC0312LS5S0718176314	CC0313LE11S0718176315	CC0315FE4S0718176309	CC0315LE4S0718176316	CC0322LE6S0718176317	CC0402FG1S0718176328	CC0402LG1S0718176318	CC0403FE17S0718176329	CC0403LE17S0718176319	CC0405FS10S0718176330	CC0406FS2S0718176331	CC0406LS2S0718176321	CC0410FS5S0718176332	CC0410LS5S0718176322	CC0413FE6S0718176333	CC0413LE6S0718176323	CC0416FE4S0718176334	CC0416LE4S0718176324	CC0417FE9S0718176335	CC0417LE9S0718176325	CC0422FE14S0718176336	CC0422LE14S0718176326	CC0424FE11S0718176337	CC0424LE11S0718176327	CC0501FG1S0718175391	CC0501LG1S0718175394	CC0503FS2S0718176338	CC0503LS2S0718176345	CC0504FS10S0718176339	CC0504LS10S0718176346	CC0505FE17S0718175392	CC0505LE17S0718175395	CC0509LE4S0718176347	CC0510LE9S0718176348	CC0512LE14S0718175396	CC0514LE6S0718176349	CC0516FE11S0718176343	CC0516LE11S0718176350	CC0524FS5S0718176344	CC0524LS5S0718176351	CC0602FG1S0718175397	CC0602LG1S0718175400	CC0603FS2S0718176352	CC0603LS2S0718176359	CC0605LE17S0718175401	CC0606FS10S0718176353	CC0606LS10S0718176360	CC0611FE9S0718176354	CC0611LE9S0718176361	CC0612FE14S0718175399	CC0614FS5S0718176355	CC0614LS5S0718176362	CC0619FE11S0718176356	CC0619LE11S0718176363	CC0620FE6S0718176357	CC0620LE6S0718176364	CC0624FE4S0718176358	CC0624LE4S0718176365	CC0702FG1S0718176376	CC0703FS10S0718176377	CC0703LS10S0718176367	CC0705FE17S0718176378	CC0705LE17S0718176368	CC0706FS2S0718176379	CC0706LS2S0718176369	CC0707FS5S0718176380	CC0707LS5S0718176370	CC0709FE6S0718176381	CC0709LE6S0718176371	CC0714FE4S0718176382	CC0714LE4S0718176372	CC0715FE11S0718176383	CC0715LE11S0718176373	CC0720FE9S0718176384	CC0720LE9S0718176374	CC0722LE14S0718176375	CC0802FG1S0718175403	CC0802LG1S0718175406	CC0803FS2S0718176386	CC0803LS2S0718176393	CC0804FE17S0718175404	CC0804LE17S0718175407	CC0806LS10S0718178579	CC0807FE9S0718176388	CC0807LE9S0718176395	CC0819FE11S0718176390	CC0819LE11S0718176397	CC0820FE4S0718176391	CC0820LE4S0718176398	CC0821FE14S0718175405	CC0821LE14S0718175408	CC0822FS5S0718176392	CC0822LS5S0718176399
CC0101FG1S0718175376	0.0	0.3088693581708043	0.4357645575825484	0.34243145768409256	0.4076123113554396	0.37919745089113766	0.4756994292517245	0.5696803109352568	0.43621975559368326	0.42590776987989776	0.37436534892678314	0.34005042193354107	0.3915053048075913	0.3796176336706467	0.44686438600791345	0.448947792289646	0.5007353198641409	0.4518190412829581	0.5208515704331385	0.5679820722014076	0.6109982842536503	0.5845967996078294	0.5878707237648377	0.6350362407647326	0.6519485976399734	0.6630484260653384	0.6455583178682727	0.6406036625932281	0.6346160579852236	0.4776077593753283	0.5191358240834764	0.39822822927973667	0.4269232115970447	0.4786056934766624	0.46836373822612837	0.46943170279071395	0.5600511222381737	0.5299030078083966	0.5528204769074547	0.5937182674463392	0.5549564060366259	0.4970237053118106	0.6294162960887987	0.6259147729262229	0.5455198011134844	0.6757764627613012	0.6452081655520151	0.6666199796911657	0.5874330333695157	0.5854021499352218	0.5509471620154768	0.5545012080254911	0.5259287790188732	0.44169963934311424	0.5214118141391505	0.4700619769599776	0.5270492664308974	0.4710599110613117	0.475629398788473	0.4730732868797927	0.506197695997759	0.518890717462096	0.5850169823873385	0.5827584999474772	0.6163030918449526	0.5793620224797787	0.510241955250534	0.4997373857628068	0.46748835743548445	0.4837179172940229	0.45372737140656183	0.4671907279666655	0.3688154347141006	0.3913652438810883	0.40076683357260406	0.36928814034104834	0.4556532091459785	0.38655064953254664	0.47107741867712455	0.5262964389509437	0.4968136139220561	0.5502818726145874	0.5499667355299556	0.5813228754508211	0.6043453902447564	0.575002626142372	0.48795476032073953	0.5283098147694247	0.3875835988655065	0.3868482790013656	0.4184495255436115	0.4571063412584474	0.4128821037151161	0.4495080359956581	0.452554361147099	0.5630449245421758	0.532319058790574	0.5389719527994677	0.4955005427360902	0.5126755138485241	0.5664063867782485	0.52913267271263	0.5733744178717742	0.5767533877236598	0.5398648412059246	0.5226723624776778	0.4582443362862845	0.45052347771280504	0.4574389859588921	0.453569802864246	0.4503308939388634	0.4632164991771421	0.4403865681571484	0.4342238873910151	0.44647921846003014	0.5045694877271614	0.4823173080289926	0.5218495045344725	0.4960782940579152	0.5164046360166672	0.5548338527259358	0.5674393361112083	0.5026436499877447	0.4934521516859834	0.3827690045169649	0.38107076578311566	0.43800553240659684	0.43947617213487866	0.35636751987114396	0.35631499702370534	0.4627613011660072	0.4577541230435239	0.46461710844217236	0.5578451626457509	0.5333345005077209	0.5346650793094996	0.5387268461780874	0.5165096817115445	0.4744213732973844	0.4807066073742078	0.5336846528239785
CC0101LG1S0718175373	0.3088693581708043	0.0	0.4251724500157569	0.3468083616373122	0.40995833187436537	0.4126194894779229	0.4547253055078959	0.5845442767603908	0.4455688224377604	0.4492104065268392	0.39730032564165413	0.36072691620855074	0.40507370706257223	0.38868657866171785	0.4833852725935782	0.48399803914702894	0.5088938688329423	0.4713225252985048	0.5189782555411604	0.5678945341223433	0.6197695997759025	0.5913372316957877	0.5959592422703877	0.6465037291221681	0.6544872019328408	0.6791729402289997	0.6640113449350468	0.6579537098637908	0.6503729122168144	0.49562309604678034	0.5380265415455723	0.4071396057284919	0.4172765152841486	0.4738086067439336	0.49031828845547815	0.47818551069715326	0.5544136699464267	0.5272768654364649	0.5550614517315032	0.594891277705802	0.5582828530410728	0.49798662418151896	0.6393080990230751	0.6396932665709584	0.5512798067159215	0.6852480829160685	0.6647641724150005	0.6762841836198746	0.608739801813789	0.5875730942960188	0.5727791589341363	0.5675093665744599	0.5150390419832627	0.45740397072726635	0.5287124899331209	0.4757344444833503	0.5265415455723239	0.48926783150670544	0.48562624741762667	0.4862740292027032	0.5183654889877096	0.5186981336881543	0.5888161350187332	0.5942434959207256	0.6293987884729858	0.593315592282643	0.5148989810567597	0.5186631184565286	0.46153576805910573	0.4956406036625932	0.4610455548163451	0.4899156132917819	0.3859028677474701	0.41857207885430164	0.42140831261598793	0.38017787737665887	0.4536923561749361	0.39589971637662386	0.4749816170033965	0.5344374803039322	0.5106446304142301	0.560436289786057	0.559263279526594	0.5815854896880143	0.6122588325921776	0.5854546727826605	0.49366224307573797	0.5332294548128436	0.388231380650583	0.422406246717322	0.43770790293777795	0.46894148954795334	0.4144227739066494	0.4392135578976855	0.46887145908470185	0.5730067579397038	0.5388318918729648	0.5425960292727336	0.50821107181624	0.5272943730522778	0.5784341188416962	0.5435764557582549	0.5794495605588431	0.5805700479708673	0.5537483805455373	0.5258412409398088	0.4750341398508351	0.45276445253685355	0.47310830211141847	0.4631639763297034	0.47566441402009874	0.4707097587450541	0.47202282993102	0.44978815784866416	0.47762526699114116	0.5224272558562975	0.5027662032984348	0.5369760845967996	0.5267691445778914	0.5422983998039147	0.5658811583038622	0.5753702860744424	0.512693021464337	0.5097167267761477	0.38296158829090654	0.41289961133092895	0.4515914422773907	0.45815679820722016	0.3673623026016317	0.39166287334990724	0.4855387093385623	0.4662103014811443	0.49429251724500156	0.5638327672537554	0.5485136034174866	0.5499842431457684	0.549459014671382	0.5178577681291362	0.4722679365524003	0.48277250604012745	0.5512272838684827
CC0103FS10S0718177755	0.4357645575825484	0.4251724500157569	0.0	0.3600441191918485	0.4347841310970272	0.45861199621835497	0.3255716236562905	0.5181203823663294	0.41298714940999337	0.4176266676004062	0.436972583073637	0.3958471935291852	0.36641689134773625	0.39117266010714663	0.4803564550579502	0.4786407087082881	0.41837949508035993	0.42585524703245914	0.46389929619384435	0.504902132427606	0.5471305017682692	0.4968661367694947	0.5355579677159564	0.586820266816065	0.5501593193038972	0.6351062712279841	0.5922126124864316	0.593455653209146	0.5866802058895619	0.41316222556812215	0.44147204033754683	0.3981581988164852	0.39304597499912464	0.40659686963829267	0.4259602927273364	0.420970622220666	0.4838754858363388	0.4829650898140691	0.46755838789873594	0.5371686683707413	0.4748590636927063	0.421688434468994	0.5738646311145348	0.5746699814419273	0.48226478518155397	0.6091949998249239	0.5993907349697118	0.6108057004797087	0.5591757414475297	0.5013305788017788	0.49914212682516895	0.49431002486081443	0.40563395076858433	0.42788613046675306	0.4451311320424385	0.41797681991666374	0.42811372947232046	0.44691690885535207	0.4140901292062047	0.42359676459259776	0.47302076403235405	0.4252249728631955	0.5046045029587871	0.5293602717181974	0.5582478378094471	0.5237578346580762	0.43835568472285447	0.4686613676949473	0.37319233866732027	0.41990265765608037	0.3961098077663784	0.41438775867502364	0.39283588360937005	0.4241745159144228	0.42060296228859556	0.37322735389894607	0.36510382016177034	0.3613221751461886	0.4444658426415491	0.47624216534192376	0.4731608249588571	0.45805175251234287	0.5029762946881894	0.4608879862740292	0.5202212962638748	0.4838929934521517	0.41566581462936375	0.43649987744668933	0.4000315137084632	0.4931545222171645	0.37893483665394445	0.3821562379635141	0.3981406912006723	0.36387828705486885	0.4368150145313211	0.5003676599320704	0.4550579502083406	0.49014321229734936	0.4569487727161315	0.437410273468959	0.4773276375223222	0.43868832942329916	0.49749641093875835	0.4532371581638013	0.4504709548653664	0.4167337791939494	0.4668055604187822	0.3897195279946777	0.3910325991806436	0.39082250779088906	0.44134948702685667	0.42244126194894777	0.4444658426415491	0.40332294548128433	0.44318778668720893	0.4832452116670752	0.4303021814489303	0.4600126054833853	0.4752267236247768	0.4657551034700095	0.4531846353163626	0.4763297034209881	0.4081725550614517	0.4049861689835078	0.46120312335866104	0.4748065408452677	0.3928008683777443	0.4248398053153122	0.39997899086102456	0.43285829335761056	0.4399488777618264	0.3838194614657376	0.4513113204243846	0.43137014601351586	0.4688364438530761	0.441156903252915	0.5071080920200287	0.44073672047340595	0.39833327497461396	0.40843516929864493	0.49677859869043034
CC0103LS10S0718177748	0.34243145768409256	0.3468083616373122	0.3600441191918485	0.0	0.3884064568087118	0.4063167477852866	0.39801813788998214	0.5600336146223607	0.3956020869078049	0.40806750936657443	0.39227563990335795	0.3493819811618054	0.34792884904933646	0.356069890402325	0.45243180783640885	0.45201162505689974	0.4536923561749361	0.43474911586540144	0.5116250568997514	0.5491088623551245	0.591722399243671	0.5617493609720229	0.5807801393606219	0.6205224272558563	0.6230610315487237	0.6667425330018558	0.6352113169228615	0.6286109457614062	0.6253545292202108	0.4378129486326552	0.47890332294548127	0.4018172905213768	0.40097692496235865	0.4465492489232816	0.43947617213487866	0.4459014671382051	0.5354354144052663	0.515441717146959	0.5232501137995028	0.5835638502748696	0.5276445253685353	0.4658076263174481	0.610910746174586	0.6123288630554291	0.5216744283763437	0.6637487306978536	0.6427220841065864	0.660369760845968	0.5830036065688574	0.5511397457894184	0.5334920690500368	0.5359606428796526	0.472600581252845	0.4279386533141917	0.49704121292762354	0.4409293042473476	0.4788332924822298	0.46353163626177385	0.4459014671382051	0.43760285724290066	0.495815679820722	0.4735810077383662	0.5558492944430827	0.5681746559753493	0.5987779684162611	0.5644105185755803	0.4778178507650828	0.49163135964144405	0.4188171854756819	0.45624846808361635	0.4089603977730313	0.43121257747119995	0.3539689765047796	0.3796351412864596	0.3734199376728877	0.35776812913617423	0.3875835988655065	0.3475786967330789	0.4666304842606534	0.514566336356315	0.49595574074722504	0.5104520466402885	0.5434714100633776	0.5287825203963724	0.5691725900766833	0.5426135368885465	0.4456213452851991	0.49341713645435764	0.37469799362722783	0.4135999159634441	0.38367940053923455	0.3948492594278511	0.3972478027942155	0.39017472600581254	0.4451311320424385	0.5366084246647291	0.5046220105746	0.5228649462516195	0.4837354249098358	0.46610525578626705	0.5273644035155293	0.48956546097552434	0.547603207395217	0.5404250849119366	0.49905458874610453	0.47107741867712455	0.425732693721769	0.38352183199691864	0.39645996008263595	0.39540950313386325	0.4383906999544802	0.43744528870058474	0.4137399768899471	0.40027662032984346	0.42272138380195384	0.4996848629153682	0.4395286949823173	0.5017157463496621	0.48089919114814944	0.49143877586750234	0.5092790363808256	0.532301551174761	0.4655800273118807	0.450103294933296	0.38360937007598306	0.39997899086102456	0.3952169193599216	0.4171014391260198	0.35799572814174163	0.3711264400014006	0.42247627718057357	0.39094506110157917	0.43285829335761056	0.505637452291747	0.5050947162015477	0.4954830351202773	0.5325991806435799	0.4926117861269652	0.4429601876816415	0.45502293497671487	0.5248082916068489
CC0104FE17S0718175377	0.4076123113554396	0.40995833187436537	0.4347841310970272	0.3884064568087118	0.0	0.40472355474631466	0.45512798067159216	0.5548863755733744	0.41120137259707973	0.4124794285514199	0.3652788963198992	0.3582233271473091	0.4134423474211282	0.4043734024300571	0.4736510382016177	0.4589796561504254	0.5237753422738891	0.47310830211141847	0.4774151756013866	0.5272243425890262	0.5820757029307749	0.5573024265555516	0.5567947056969782	0.6041002836233762	0.6284183619874646	0.6483420287825203	0.6212227318883714	0.6105781014741413	0.610035365383942	0.45938233131412165	0.48877761826394484	0.4026051332329563	0.4061416716271578	0.4710599110613117	0.49080850169823875	0.48636156728176755	0.5120627472950734	0.49604327882628946	0.5311285409152982	0.5596834623061031	0.5328267796491474	0.4726706117160965	0.6025946286634686	0.599653349206905	0.5181553975979551	0.656325501593193	0.6291186666199797	0.6476592317658181	0.5699954480198887	0.5469729332259533	0.533597114744914	0.5381315872404496	0.49129871494099936	0.41923736825519103	0.5011379950278371	0.44831751812038234	0.49374978115480234	0.47438635806575863	0.45132882804019747	0.470149515039042	0.4923841871213978	0.4955180503519031	0.5553065583528835	0.560278721243741	0.5915298154697294	0.5593508176056584	0.4894429076648342	0.4836303792149585	0.4680836163731223	0.4556532091459785	0.4501733253965475	0.4480373962673763	0.39761546272628595	0.4051962603732624	0.382751496901152	0.38278651213277776	0.456160930004552	0.40584404215833886	0.4373402430057075	0.4929619384432228	0.4850309884799888	0.5384467243250814	0.5302531601246542	0.5694702195455023	0.5746699814419273	0.5546412689519942	0.4523792849889702	0.5191008088518505	0.3782345320214293	0.43947617213487866	0.4411043804054764	0.46209601176511783	0.3985958892118071	0.4535172800168073	0.45862950383416784	0.5326341958752057	0.5315312160789943	0.5059700969921916	0.5004727056269477	0.5084036555901817	0.549318953744879	0.5114674883574355	0.5415280647081481	0.5660562344619909	0.5169823873384922	0.5071956300990931	0.5092615287650127	0.4541125389544452	0.4724255050947162	0.4619559508386148	0.4626737630869428	0.49742638047550686	0.46533492069050036	0.4424349592072552	0.4668580832662208	0.5012080254910887	0.4997724009944326	0.49821422318708636	0.4985118526559053	0.526979235967646	0.5462726285934382	0.5634300920900591	0.507493259567912	0.4957456493574705	0.4386182989600476	0.4314051612451416	0.46069540250008756	0.4703245911971708	0.3790748975804475	0.39173290381315873	0.4944325781715046	0.4820897090234252	0.47951608949893204	0.5367134703596065	0.5254910886235512	0.5234426975734444	0.5239154032003922	0.5014006092650303	0.4635491438775868	0.4465842641549074	0.5403900696803109
CC0104LE17S0718175374	0.37919745089113766	0.4126194894779229	0.45861199621835497	0.4063167477852866	0.40472355474631466	0.0	0.517595153891943	0.496253370216044	0.39982142231870865	0.34644070170524177	0.34346440701705244	0.3266220806050632	0.39189047235547464	0.37305227774081723	0.3951293812808572	0.40783991036100703	0.4915613291781925	0.4475646906404286	0.47780034314926995	0.5303932210511573	0.5612591477292622	0.5368360236702966	0.5421583388774117	0.5786442102314506	0.6303792149585069	0.579887250954165	0.5821107181624007	0.5755978850800098	0.5512973143317343	0.4368150145313211	0.44539374627963163	0.4067369305647957	0.44973563500122554	0.477502713680451	0.44152456318498545	0.46356665149339965	0.5355054448685178	0.50821107181624	0.5112048741202423	0.5555341573584509	0.5154592247627718	0.4795511047305578	0.5750376413739977	0.5607514268706888	0.49700619769599774	0.5985503694106936	0.5737420778038447	0.6123113554396162	0.5111348436569908	0.537203683602367	0.4705521902027382	0.48100423684302673	0.520046220105746	0.38157848664168914	0.47212787562589725	0.42975944535873106	0.5147589201302567	0.44250498967050667	0.4421023145068105	0.46207850414930496	0.45570573199341713	0.5036240764732659	0.5457824153506775	0.5217619664554081	0.5648832242025281	0.5080184880422984	0.467698448825239	0.43392625792219613	0.46573759585419655	0.4449560558843097	0.44155957841661125	0.4197625967295774	0.3829790959067194	0.3410133408032494	0.375538359186246	0.35710283973528484	0.45358731048005885	0.3850274869568262	0.4413144717952309	0.48949543051227284	0.4571413564900732	0.5303757134353444	0.5094366049231416	0.5676144122693372	0.5408977905388844	0.5167022654854861	0.4709548653664344	0.4790959067194229	0.3892118071361042	0.3658391400259113	0.38812633495570575	0.4315102069400189	0.41111383451801536	0.4902832732238524	0.40880282923071537	0.5183304737560839	0.4943275324766273	0.4999124619209356	0.44614657375958544	0.4743688504499457	0.5034840155467628	0.48005882558913127	0.5372386988339928	0.5311285409152982	0.48531111033299484	0.479953779894254	0.4589271333029868	0.4644245246682307	0.44644420322840433	0.4666304842606534	0.4102734689589972	0.4564935747049967	0.39922616338107075	0.4173990685948388	0.4050912146783851	0.4573864631114535	0.4588045799922966	0.4911761616303092	0.43562449665604536	0.4595924227038762	0.5175776462761301	0.5130431737805946	0.4707622815924927	0.4598550369410694	0.41340733218950243	0.3626352463321545	0.4135999159634441	0.40253510276970483	0.3534612556462061	0.326797156763192	0.4433803704611506	0.4541125389544452	0.41331979411043807	0.5164921740957317	0.4778878812283343	0.4899156132917819	0.495535557967716	0.49627087783185686	0.4518890717462096	0.4573689554956406	0.4790433838719843
CC0105FS2S0718177756	0.4756994292517245	0.4547253055078959	0.3255716236562905	0.39801813788998214	0.45512798067159216	0.517595153891943	0.0	0.5655134983717918	0.44577891382751494	0.4715326166882594	0.4824748765713085	0.4469694317027907	0.39084001540670193	0.4231765818130887	0.5378339577716307	0.5326517034910186	0.4581392905914073	0.45989005217269513	0.4910010854721804	0.523792849889702	0.5692601281557478	0.5314611856157428	0.5580377464196926	0.6029797962113519	0.5617843762036486	0.673202843236808	0.6275254735810077	0.6207850414930495	0.6353688854651773	0.4572639098007633	0.48809482124724257	0.43606218705136734	0.41279456563605166	0.4219685563220001	0.48187961763367065	0.4571063412584474	0.4888476487271963	0.4920515424209531	0.5017507615812878	0.5583353758885115	0.5056549599075598	0.45234426975734443	0.5881683532336567	0.603119857137855	0.5128856052382786	0.6483945516299591	0.6406386778248538	0.6380475506845478	0.6005287299975489	0.5176126615077559	0.5410728666970132	0.5265765608039498	0.41526313946566756	0.4593473160824959	0.4887075878006933	0.4643194789733534	0.4457438985958892	0.5006477817850765	0.4620259813018663	0.4533422038586785	0.519748590636927	0.4468994012395392	0.523652788963199	0.5628173255366085	0.5771210476557302	0.5678770265065304	0.46682306803459506	0.5131132042438461	0.39966385377639274	0.46050281872614585	0.41069365173850625	0.45700129556357016	0.43853076088098325	0.4713575405301306	0.46066038726846176	0.42631044504359394	0.40554641268951996	0.41361742357925696	0.4778878812283343	0.5089113764487552	0.5137960012605484	0.49093105500892886	0.5350152316257573	0.4801988865156343	0.5570223047025457	0.5332119471970307	0.43247312580972724	0.5017682691971007	0.43844322280191883	0.5406876991491298	0.45528554921390807	0.4495955740747225	0.4368500297629469	0.3625126930214643	0.4892853391225183	0.5203788648061907	0.5043944115690325	0.5170524178017437	0.5093665744598901	0.48700934906684407	0.524528169753843	0.4802689169788858	0.5191183164676635	0.5060051122238174	0.5026961728351833	0.46892398193214047	0.5002100913897546	0.4122168143142267	0.44791484295668615	0.4140901292062047	0.505479883749431	0.4841205924577191	0.5045344724955355	0.45292202107916946	0.5025736195244932	0.521639413144718	0.4772751146748836	0.49595574074722504	0.5296929164186421	0.5227248853251164	0.5004902132427606	0.5357330438740853	0.46417941804685037	0.465387443537939	0.47951608949893204	0.5159144227739066	0.45712384887426033	0.49662103014811443	0.4471094926292937	0.484138100073532	0.4966385377639273	0.43219300395672117	0.5177527224342588	0.4714275709933821	0.5205539409643195	0.4839455162995903	0.5406526839175041	0.4670331594243496	0.43742778108477187	0.43483665394446586	0.5521902027381911
CC0109FS5S0718177757	0.5696803109352568	0.5845442767603908	0.5181203823663294	0.5600336146223607	0.5548863755733744	0.496253370216044	0.5655134983717918	0.0	0.456160930004552	0.4229314751917084	0.5428061206624882	0.48718442522497285	0.5384467243250814	0.5483735424909836	0.5116600721313771	0.5188381946146574	0.5543436394831752	0.5709233516579713	0.43588711089323856	0.4633390524878322	0.38115830386218	0.38655064953254664	0.3820862075002626	0.41510557092335165	0.4937847963864281	0.3570678245036591	0.40523127560488814	0.3881088273398928	0.37373507475751955	0.41753912952134176	0.3806330753877937	0.5160719913162226	0.5377639273083792	0.5348226478518155	0.5278020939108512	0.5609790258762561	0.4781680030813404	0.48923281627507964	0.4228964599600826	0.44437830456248467	0.3890367309779754	0.4350467453342204	0.41191918484540774	0.3717216989390385	0.38278651213277776	0.39078749255926326	0.3954970412129276	0.43329598375293255	0.36275779964284466	0.43107251654469697	0.3391400259112714	0.3519205854546728	0.48574880072831683	0.4109037431282608	0.3923106551349837	0.39001715746349663	0.44775727441437024	0.3890367309779754	0.37182674463391574	0.44234742112819075	0.3682551910080885	0.44031653769389684	0.41969256626632584	0.3626877691795931	0.4104835603487517	0.3677824853811408	0.38052802969291644	0.345687874225288	0.48702685668265694	0.41472040337546834	0.5158794075422809	0.43359361322175144	0.5495815679820722	0.5040267516369621	0.48954795335971146	0.4699919464967261	0.4992646801358591	0.4929619384432228	0.42280892188101826	0.3981406912006723	0.38688329423299134	0.41135894113939564	0.41169158583984033	0.5068980006302741	0.3917679190447845	0.38950943660492315	0.4676109107461746	0.41879967785986905	0.487744668930985	0.5776112608984908	0.4569487727161315	0.4802163941314472	0.4609054938898421	0.5466577961413215	0.3836443853076088	0.40556392030533284	0.40006652894008893	0.4113764487552085	0.36356314997023703	0.4224237543331349	0.3806680906194195	0.39162785811828144	0.43742778108477187	0.4291466788052803	0.42828880563044924	0.47664484050561995	0.6037676389229315	0.5450646031023495	0.4936097202282993	0.4992646801358591	0.4626912707027557	0.4890227248853251	0.4803739626737631	0.46550999684862915	0.47934101334080326	0.42772856192443715	0.48492594278511153	0.42254630764382506	0.4314401764767674	0.40297279316502677	0.44565636051682483	0.3916803809657201	0.4248748205469379	0.4588571028397353	0.60485311110333	0.5673693056479568	0.47163766238313665	0.46771595644105185	0.5009804264855212	0.5053048075913023	0.5009279036380826	0.5075457824153506	0.4644070170524178	0.42328162750796594	0.4106061136594419	0.4007318183409783	0.39463916803809657	0.4544101684232641	0.4460065128330824	0.4422073602016877	0.35808326622080605
CC0109LS5S0718177750	0.43621975559368326	0.4455688224377604	0.41298714940999337	0.3956020869078049	0.41120137259707973	0.39982142231870865	0.44577891382751494	0.456160930004552	0.0	0.3386323050526979	0.42011274904583495	0.37324486151475894	0.40390069680310936	0.39106761441226934	0.45078609194999825	0.4398963549143878	0.4846283133162926	0.47207535277845863	0.45288700584754366	0.507493259567912	0.5039567211737106	0.5049371476592318	0.5094366049231416	0.5207990475856997	0.5872054343639483	0.5671066914107636	0.5643755033439546	0.5425610140411079	0.5469554256101404	0.3991211176861935	0.4303547042963689	0.425872754648272	0.4243846073041773	0.45143387373507476	0.46794355544661925	0.4851185265590532	0.4908260093140516	0.478220525928779	0.484138100073532	0.5229174690990581	0.46372422003571556	0.4270982877551735	0.5247382611435975	0.5118001330578802	0.45120627472950736	0.5838614797436885	0.5591757414475297	0.5764032354074022	0.47475401799782907	0.49653349206905006	0.45673868132637696	0.461063062432158	0.4474946601771771	0.3570153016562205	0.4536748485591232	0.3776742883154172	0.436972583073637	0.40251759515389196	0.3978605693476662	0.3950593508176057	0.4068069610280472	0.43352358275849995	0.4813543891592843	0.4815119577016002	0.5102069400189082	0.476784901432123	0.41648867257256905	0.41284708848349033	0.4190797997128751	0.41036100703806155	0.41004586995342973	0.39099758394901785	0.4233516579712175	0.40334045309709726	0.3726846178087468	0.36716971882769006	0.4150180328442873	0.3809482124724255	0.4013270772786162	0.44152456318498545	0.42329913512377887	0.4665779614132147	0.4749816170033965	0.510819706572359	0.4741237438285654	0.47746769844882525	0.41699639343114253	0.4531146048531111	0.4023250113799503	0.4547428131237088	0.3902622640848769	0.4305297804544977	0.3697608459679961	0.4353618824188522	0.38427465947687245	0.4446409187996779	0.4365173850625022	0.44922791414265206	0.4165236878041948	0.42338667320284323	0.4556707167617914	0.42083056129416296	0.4807066073742078	0.4828950593508176	0.44289015721839	0.4597499912461921	0.4888476487271963	0.4299695367484856	0.4223012010224448	0.40556392030533284	0.405966595469029	0.4462866346860884	0.4084001540670191	0.37644875520851573	0.4038831891872965	0.4215133583108652	0.43254315627297873	0.43802304002240977	0.43187786687208934	0.4551805035190308	0.4746314646871389	0.4840155467628418	0.4390559893553696	0.4262579221961553	0.4641444028152246	0.44709198501348085	0.4169438705837039	0.4290241254945901	0.3819461465737596	0.3968101123988935	0.44675934031303616	0.42942680065828637	0.4258902622640849	0.4621310269967436	0.43776042578521657	0.4389509436604923	0.4575440316537694	0.45630099093105503	0.41962253580307435	0.39728281802584126	0.4529045134633566
CC0112LE4S0718177751	0.42590776987989776	0.4492104065268392	0.4176266676004062	0.40806750936657443	0.4124794285514199	0.34644070170524177	0.4715326166882594	0.4229314751917084	0.3386323050526979	0.0	0.3789523442697573	0.35037991526313944	0.39420147764277463	0.37826954725305506	0.406264224937848	0.39047235547463144	0.46347911341433523	0.44499107111593544	0.4449560558843097	0.5094891277705802	0.4902832732238524	0.4945376238663819	0.5058650512973143	0.5284498756959277	0.5928954095031339	0.5311110332994853	0.5441892223117056	0.5231625757204383	0.5053573304387409	0.3735599985993907	0.38238383696908157	0.4077348646661298	0.42802619139325604	0.42172344970061976	0.4352743443397878	0.4550929654399664	0.5026611576035576	0.49513288280401974	0.4766798557372457	0.5259988094821247	0.4620609965334921	0.428463881788578	0.5326867187226444	0.5060226198396303	0.432945831436675	0.5563044924542175	0.5346825869253126	0.5736545397247803	0.45838439721278756	0.49422248678175007	0.4260303231905879	0.4434854161560279	0.4511362442662558	0.3208970902342519	0.4270982877551735	0.3710213943065233	0.45120627472950736	0.39283588360937005	0.3788998214223187	0.42035785566721523	0.40806750936657443	0.45265940684197625	0.49800413179733183	0.47107741867712455	0.5178577681291362	0.47167267761476245	0.4113764487552085	0.3718617598655415	0.4120592457719108	0.3898595889211807	0.40164221436324804	0.36380825659161736	0.40076683357260406	0.355632200007003	0.36816765292902415	0.34092580272418505	0.4006617878777268	0.3601666725025386	0.4015546762841836	0.43875835988655065	0.4226338457228895	0.47531426170384117	0.48007633320494414	0.5271368045099618	0.4721103680100844	0.4384782380335446	0.41225182954585243	0.40797997128751007	0.3918204418922231	0.4225988304912637	0.35731293112503937	0.38779369025526106	0.3796701565180854	0.45216919359921565	0.3681501453132113	0.4676809412094261	0.4343114254700795	0.4613781995167898	0.3927483455303057	0.4176266676004062	0.43501173010259464	0.41872964739661755	0.48007633320494414	0.46027521972057844	0.4122168143142267	0.42723834868167654	0.4778353583808957	0.4386182989600476	0.40267516369620787	0.42646801358590986	0.37182674463391574	0.4371826744633916	0.38884414720403376	0.38065058300360655	0.39826324451136247	0.43098497846563255	0.43973878637207187	0.44751216779298997	0.41233936762491685	0.42067299275184705	0.48105675969046535	0.45167898035645504	0.42000770335095766	0.40251759515389196	0.46522987499562307	0.41697888581532966	0.37926748135438915	0.3765888161350187	0.36878041948247486	0.36520886585664764	0.3897195279946777	0.4159459364823698	0.3758710038866907	0.4454287615112574	0.42287895234426975	0.4250674043208796	0.4423299135123779	0.4595924227038762	0.40727966665499493	0.38842396442452465	0.41808186561154104
CC0113FE14S0718175378	0.37436534892678314	0.39730032564165413	0.436972583073637	0.39227563990335795	0.3652788963198992	0.34346440701705244	0.4824748765713085	0.5428061206624882	0.42011274904583495	0.3789523442697573	0.0	0.34297419377429184	0.37574845057600054	0.370058475436815	0.42231870863825766	0.42314156658146296	0.5031338632305052	0.43606218705136734	0.4771175461325677	0.516439651248293	0.5830036065688574	0.552207710354004	0.5524528169753843	0.6118561574284814	0.6331454182569418	0.6297139255576175	0.6081795581077769	0.6018593087993277	0.5835463426590567	0.4465667565390945	0.4686613676949473	0.36741482544907034	0.4034279911761616	0.4657200882383837	0.4513113204243846	0.45602086907804895	0.5215518750656536	0.4913862530200637	0.5187506565355929	0.5570047970867328	0.5343849574564936	0.4797086732728737	0.6055184005042193	0.5983402780209391	0.522217164466543	0.6395181904128295	0.6101404110788193	0.6457333940264015	0.5621870513673448	0.5554466192793865	0.5112573969676809	0.5199236667950559	0.5075282747995378	0.4102734689589972	0.4884799887951259	0.45006827970167024	0.5013130711859659	0.4740712209811268	0.45607339192548757	0.46720823558247837	0.4900731818340978	0.5017682691971007	0.5637627367905038	0.5547112994152457	0.5956616128015687	0.5442592527749571	0.48433068384747363	0.4633215448720193	0.4518015336671452	0.4541650618018838	0.43066984138100073	0.4294618158899121	0.37434784131097026	0.35913372316957876	0.3878462131026997	0.36314296719072797	0.46533492069050036	0.39113764487552083	0.4531146048531111	0.49513288280401974	0.483560348751707	0.542263384572289	0.5193109002416051	0.5691025596134318	0.5795020834062817	0.5450470954865366	0.4492629293742778	0.5010329493329598	0.374242795616093	0.3950593508176057	0.41951749010819706	0.44824748765713085	0.4120592457719108	0.46361917434083827	0.4478273048776218	0.5455373087292973	0.5259112714030604	0.5166147274064218	0.48391050106796457	0.5010679645645856	0.5349452011625057	0.5066879092405197	0.5378514653874436	0.5541860709408593	0.5032739241570083	0.4921740957316433	0.4908435169298645	0.46314646871389054	0.4585419657551035	0.4770125004376904	0.44345040092440213	0.4894429076648342	0.4432052943030218	0.4392135578976855	0.4491928989110263	0.49434504009244024	0.49439756293987885	0.5058475436815014	0.4740887285969397	0.5021009138975454	0.5352253230155117	0.5459749991246192	0.4882523897895585	0.4818971252494835	0.40925802724185023	0.38879162435659514	0.43588711089323856	0.44112188802128927	0.3565601036450856	0.3566301341083371	0.46997443888091317	0.4699044084176617	0.44994572639098007	0.5282572919219861	0.5122378234532021	0.5123603767638923	0.5179803214398263	0.49126369970937356	0.4415420708007983	0.449385482684968	0.5223397177772331
CC0113LE14S0718175375	0.34005042193354107	0.36072691620855074	0.3958471935291852	0.3493819811618054	0.3582233271473091	0.3266220806050632	0.4469694317027907	0.48718442522497285	0.37324486151475894	0.35037991526313944	0.34297419377429184	0.0	0.3634405966595469	0.3641058860604363	0.4116040477607759	0.41620855071956303	0.47752022129626387	0.43203543541440526	0.441874715501243	0.4978465632550159	0.5352778458629504	0.5127980671592143	0.5149690115200112	0.5662313106201198	0.5991631359641444	0.5920200287124899	0.5746699814419273	0.5684197625967295	0.5560944010644631	0.4121993066984138	0.43755033439546204	0.3621450330893939	0.39047235547463144	0.44404565986204	0.434819146328653	0.4446759340313036	0.4925592632795266	0.46958927133302986	0.4851710494064918	0.5244931545222171	0.48370040967821004	0.43942364928744004	0.5572849189397387	0.5508596239364123	0.47296824118491543	0.6036450856122413	0.5785216569207605	0.6045379740186981	0.5135859098707938	0.5213943065233376	0.47181273854126543	0.4791309219510487	0.4729857488007283	0.3679400539234567	0.45068104625512095	0.38812633495570575	0.4680836163731223	0.40920550439441156	0.3977030008053503	0.4202177947407122	0.43383871984313177	0.45817430582303303	0.5196960677894884	0.5099968486291537	0.5525228474386358	0.5012430407227144	0.4298644910536083	0.4162435659511888	0.4192198606393781	0.4087853216149025	0.40822507790889034	0.398753457754123	0.3592037536328303	0.3444973563500123	0.3392100563745229	0.31349136874540423	0.4168388248888266	0.34750866626982735	0.3974754017997829	0.4538324171014391	0.42664308974403864	0.4943625477082531	0.4814769424699744	0.5390069680310935	0.5323540740221997	0.5029587870723765	0.4247872824678735	0.46312896109807766	0.3483140165972198	0.3906999544801989	0.3663818761161105	0.41107881928638956	0.36277530725865753	0.430634826149375	0.38031793830316185	0.49544801988865156	0.476784901432123	0.4682411849154382	0.43047725760705907	0.4571063412584474	0.4944500857873175	0.4627613011660072	0.5053048075913023	0.5150915648307014	0.4740712209811268	0.46577261108582235	0.4704996673552996	0.42951433873735073	0.4183269722329213	0.4241219930669841	0.39579467068174656	0.43075737946006515	0.3958822087608109	0.3923106551349837	0.39997899086102456	0.4447809797261809	0.4436429846983438	0.45766658496445956	0.433663643685003	0.4550579502083406	0.496393431142547	0.4977240099443258	0.4416471164956756	0.441156903252915	0.39950628523407683	0.3777618263944816	0.39696768094120943	0.40087187926748136	0.3257291921986064	0.325063902797717	0.4372527049266431	0.42860394271508107	0.4220911096326902	0.49585069505234775	0.476067089183795	0.46992191603347455	0.47753772891207674	0.4541125389544452	0.406264224937848	0.4199201652718933	0.46951924086977836
CC0115FE6S0718177759	0.3915053048075913	0.40507370706257223	0.36641689134773625	0.34792884904933646	0.4134423474211282	0.39189047235547464	0.39084001540670193	0.5384467243250814	0.40390069680310936	0.39420147764277463	0.37574845057600054	0.3634405966595469	0.0	0.3310339997899086	0.4403865681571484	0.4480023810357506	0.4242445463776743	0.39884099583318744	0.4846808361637312	0.5135859098707938	0.5752127175321264	0.5415980951713996	0.5596309394586645	0.6064463041423019	0.6022619839630239	0.6522287194929794	0.6162330613817011	0.6144647921846003	0.6148849749641094	0.4296894148954795	0.45927728561924436	0.3693581708042999	0.38035295353478765	0.4044959557407472	0.4067369305647957	0.3996988690080185	0.5055849294443083	0.48249238418712137	0.5052522847438636	0.5602261983963024	0.5150740572148885	0.4634440981827095	0.5915298154697294	0.5987779684162611	0.518312966140271	0.6465562519696068	0.6302916768794425	0.6414440281522462	0.5759830526278932	0.5370811302916769	0.5141986764242445	0.5175251234286915	0.4515739346615778	0.41272453517280017	0.4755068454777828	0.4276585314611856	0.4646521236737981	0.4741937742918169	0.44162960887986275	0.4417696698063658	0.4935571973808607	0.4669281137294723	0.5455198011134844	0.5556392030533281	0.5856822717882278	0.5491438775867502	0.4512412899611331	0.4734234391960503	0.38550019258377394	0.446496726075843	0.3756959277285619	0.4128645960993032	0.36013165727091284	0.37340243005707485	0.38252389789558455	0.36105956090899544	0.4051437375258237	0.36436850029762946	0.45701880317938304	0.49611330928954095	0.48939038481739555	0.5084211632059946	0.522777408172555	0.5166147274064218	0.5616093000455198	0.5377639273083792	0.4171014391260198	0.4809342063797752	0.3693231555726741	0.43439896354914387	0.39523442697573447	0.41345985503694105	0.40855772260933504	0.376256171434574	0.44390559893553694	0.527837109142477	0.5014006092650303	0.507073076788403	0.48252739941874717	0.4726881193319094	0.5105745999509786	0.4728281802584124	0.5101544171714696	0.5175251234286915	0.48655415105570926	0.44856262474176267	0.43418887215938934	0.4018873209846283	0.42216114009594174	0.4140376063587661	0.4578766763542141	0.4570363107951959	0.4361847403620575	0.4224587695647607	0.4408242585524703	0.4998949543051227	0.45062852340768234	0.4849609580167373	0.48110928253790397	0.4855036941069365	0.4931019993697258	0.5201862810322491	0.4466192793865331	0.4461640813753983	0.3859028677474701	0.40048671171959804	0.40612416401134493	0.427168318218425	0.3650512973143317	0.37657130851920584	0.45150390419832626	0.4068944991071116	0.4577716306593368	0.47935852095661613	0.49352218214923493	0.4748765713085192	0.5117826254420673	0.4501733253965475	0.40523127560488814	0.4238243635981652	0.51745509296544
